106
166 291
167 309
169 322
172 335
174 350
175 367
178 383
182 399
190 418
200 430
214 439
228 449
243 455
261 461
278 464
296 467
317 467
338 462
355 453
372 444
388 433
403 423
417 412
428 396
434 382
437 366
438 348
438 331
438 314
437 297
434 281
431 264
427 247
176 276
184 259
201 249
221 245
239 248
240 257
222 257
205 260
189 267
310 235
330 227
352 224
373 229
390 243
371 239
352 237
331 239
312 244
280 274
281 291
283 309
284 327
262 285
258 324
253 343
264 347
276 348
289 349
302 344
315 340
326 332
316 316
302 279
206 291
213 280
226 275
242 277
252 289
240 293
228 295
215 295
230 285
316 277
322 263
339 256
353 258
366 267
355 272
342 276
329 277
344 267
241 392
262 378
283 372
295 372
307 369
335 368
361 373
348 393
328 405
303 413
277 411
259 402
253 388
269 381
296 378
328 373
352 375
333 390
300 398
271 398
230 285
344 267